1 0 0 1
5 5 10 20 50 100
0
100
2600
3234
3382
3288
668
544
422
2938
1234
1550
3274
1308
1816
1920
1946
3054
3298
1882
1600
220
3016
2908
54
814
1666
2924
1374
2398
752
1222
2354
2140
1088
2616
1236
1324
1328
904
3056
2498
404
1762
3426
574
1092
3284
2558
2462
404
1074
1090
1234
1938
388
1282
3322
2538
1118
496
196
3006
3122
874
278
482
356
1872
522
1230
1382
3210
2582
3290
2472
2806
456
574
2258
956
158
1108
2180
2598
3224
1784
2860
3164
2962
1814
2496
1278
506
2124
1202
2302
1040
788
3430
2670
1022
